>> Pixel_Based
Frame 0 matrix:
    70    94   105   119   149
   114   127    92    80    96
   102   145   119   120   129
   123   164   181   172   169
   145   169   183   180   175

Frame 1 matrix:
    71    95   105   119   149
   115   128    92    80    96
   102   145   119   120   129
   122   164   181   172   169
   145   169   183   180   175

Frame 2 matrix:
    71    95   105   120   150
   115   128    92    80    96
   103   145   120   120   129
   123   164   181   172   169
   145   169   183   180   175

Frame 3 matrix:
    71    95   105   119   149
   115   127    91    79    96
   102   145   119   120   129
   122   163   181   172   169
   144   169   183   180   175

Frame 4 matrix:
    71    95   105   119   149
   115   128    91    80    96
   102   145   119   120   129
   122   163   181   172   169
   144   169   183   180   175

Frame 5 matrix:
    71    95   105   120   149
   115   128    92    80    96
   103   146   119   120   129
   123   164   181   172   169
   145   169   183   180   175

Frame 6 matrix:
    71    95   105   119   149
   115   127    91    79    96
   102   145   119   120   129
   122   164   181   172   169
   144   169   183   180   175

Frame 7 matrix:
    71    95   105   120   149
   115   128    91    80    96
   102   145   119   120   129
   123   164   181   172   169
   144   169   183   180   175

Frame 8 matrix:
    71    95   105   120   149
   115   128    92    80    96
   103   146   120   121   129
   123   164   182   172   169
   144   169   183   180   175

Frame 9 matrix:
    71    95   105   119   149
   115   127    91    79    96
   102   145   119   120   129
   122   164   181   172   169
   143   168   183   180   175

Frame 10 matrix:
    71    95   105   120   149
   115   128    91    80    96
   102   145   119   120   129
   123   164   182   172   169
   144   168   183   181   175

Frame 11 matrix:
    71    95   105   120   149
   115   128    92    80    96
   103   146   120   121   129
   123   165   182   172   169
   144   168   183   180   175

Frame 12 matrix:
    71    95   105   120   148
   115   127    91    79    96
   102   145   119   120   129
   122   164   182   172   169
   143   168   183   180   175

Frame 13 matrix:
    71    95   105   120   149
   115   127    91    80    96
   102   146   119   120   129
   123   164   182   172   169
   143   168   183   181   175

Frame 14 matrix:
    71    95   106   120   149
   115   128    92    80    96
   102   146   120   121   129
   124   165   182   172   169
   143   168   183   181   175

Frame 15 matrix:
    70    94   105   120   148
   115   127    91    80    96
   102   145   119   120   129
   123   164   182   172   169
   142   167   183   181   176

Frame 16 matrix:
    71    95   105   120   149
   115   127    91    80    96
   102   145   119   120   129
   124   165   182   172   170
   143   167   183   181   176

Frame 17 matrix:
    71    95   106   120   149
   115   128    92    80    96
   102   146   120   121   129
   124   165   182   172   170
   143   167   183   181   176

Frame 18 matrix:
    70    94   105   120   149
   115   127    91    80    96
   101   145   119   120   129
   124   165   182   172   170
   142   167   183   181   176

Frame 19 matrix:
    70    94   106   120   149
   115   127    91    80    96
   101   146   120   120   129
   124   165   182   172   170
   142   167   183   181   176

Frame 20 matrix:
    71    95   106   121   149
   115   128    92    81    97
   102   146   120   121   129
   125   166   183   172   170
   143   167   183   181   176

Frame 21 matrix:
    70    94   105   120   149
   115   127    91    80    96
   101   145   120   121   129
   124   165   183   172   170
   142   166   183   181   176

Frame 22 matrix:
    71    94   106   120   149
   115   127    91    80    96
   101   146   120   121   129
   124   165   183   172   170
   142   166   183   181   176

Frame 23 matrix:
    71    95   106   121   149
   115   128    92    81    97
   102   146   121   121   130
   125   166   183   172   170
   143   167   183   181   176

Frame 24 matrix:
    70    94   105   120   149
   115   127    91    80    96
   101   145   120   121   129
   124   166   183   172   170
   142   167   183   181   176

Frame 25 matrix:
    70    94   106   120   149
   115   127    91    80    96
   101   146   120   121   129
   124   166   183   172   170
   142   167   183   181   176

Frame 26 matrix:
    71    95   106   121   149
   115   128    92    80    97
   102   146   121   122   130
   124   166   183   172   170
   143   167   183   181   176

Frame 27 matrix:
    70    94   105   120   149
   114   127    91    80    96
   101   145   120   121   129
   124   166   183   172   170
   141   167   183   181   176

Frame 28 matrix:
    70    94   106   120   149
   115   127    91    80    96
   101   145   121   121   129
   123   166   183   172   170
   141   167   183   181   176

Frame 29 matrix:
    70    94   105   120   149
   114   127    92    81    96
   101   146   121   122   130
   124   167   183   171   170
   142   167   183   181   176

Frame 30 matrix:
    70    94   105   121   149
   115   127    92    81    96
   101   146   121   122   130
   123   166   183   171   170
   142   167   183   181   176

Frame 31 matrix:
    70    94   106   121   149
   115   128    92    81    97
   101   146   122   122   130
   124   167   184   171   170
   142   167   183   181   176

Frame 32 matrix:
    70    94   106   120   149
   115   127    91    80    96
   101   146   121   122   130
   122   166   184   171   170
   142   167   183   181   176

Frame 33 matrix:
    70    94   106   121   149
   115   128    92    80    96
   101   146   121   122   130
   123   167   184   171   170
   142   167   183   181   176

Frame 34 matrix:
    70    94   106   121   149
   115   128    92    81    97
   101   146   122   123   130
   123   167   184   171   170
   143   167   184   181   176

Frame 35 matrix:
    70    94   105   120   149
   115   127    92    80    96
   101   146   121   122   130
   122   167   184   171   170
   142   167   184   181   176

Frame 36 matrix:
    70    94   106   121   149
   115   128    92    80    96
   101   146   122   123   130
   122   167   184   171   170
   143   167   184   180   176

Frame 37 matrix:
    70    94   106   121   149
   115   128    92    80    97
   101   146   123   123   130
   123   168   184   171   170
   143   167   184   180   176

Frame 38 matrix:
    70    94   105   121   149
   115   127    92    80    96
   100   146   122   123   130
   122   167   184   171   170
   143   167   184   180   176

Frame 39 matrix:
    70    94   106   121   149
   115   128    92    80    96
   101   146   122   123   130
   122   167   184   171   170
   143   167   184   180   176

Frame 40 matrix:
    70    94   106   121   149
   115   128    92    80    96
   101   146   123   124   130
   122   168   184   171   170
   144   167   184   180   176

Frame 41 matrix:
    70    94   105   121   148
   115   127    92    79    96
   100   146   122   124   130
   121   167   185   171   171
   143   167   184   180   176

Frame 42 matrix:
    70    94   105   121   149
   115   127    92    80    96
   101   146   123   124   130
   122   167   185   171   171
   143   167   184   180   176

Frame 43 matrix:
    71    94   106   121   149
   115   128    92    80    97
   101   147   123   124   130
   122   168   185   171   171
   144   167   184   180   176

Frame 44 matrix:
    70    94   105   121   148
   114   127    92    79    96
   100   146   123   124   130
   121   167   185   171   171
   143   167   185   180   176

Frame 45 matrix:
    70    94   105   121   148
   115   127    92    80    96
   100   146   123   124   130
   121   167   185   171   171
   143   167   185   180   176

Frame 46 matrix:
    71    94   106   121   149
   115   128    92    80    97
   101   146   124   125   130
   121   168   185   171   171
   144   167   185   180   176

Frame 47 matrix:
    70    94   105   121   148
   114   127    92    79    96
   100   146   123   125   130
   120   167   185   171   171
   143   167   185   180   176

Frame 48 matrix:
    70    94   106   121   148
   114   127    92    79    96
   100   146   123   125   130
   121   168   185   171   171
   144   167   185   180   176

Frame 49 matrix:
    71    94   106   122   149
   115   128    92    80    97
   101   146   124   126   131
   121   168   185   171   171
   144   167   185   180   176

Frame 50 matrix:
    70    94   106   121   148
   114   127    92    79    96
   100   146   123   125   130
   120   168   185   171   171
   144   167   185   180   176

Frame 51 matrix:
    70    94   106   121   148
   114   127    92    79    97
   100   146   123   125   130
   120   167   185   171   171
   144   167   185   180   176

Frame 52 matrix:
    71    94   106   122   149
   115   128    93    80    97
   101   146   124   126   130
   121   168   185   171   171
   144   167   185   179   176

Frame 53 matrix:
    70    94   106   121   148
   114   127    92    79    96
   100   146   123   126   130
   120   167   185   171   171
   143   167   186   179   176

Frame 54 matrix:
    70    94   106   121   149
   114   127    92    79    97
   101   146   123   126   130
   121   168   185   171   171
   143   167   186   179   176

Frame 55 matrix:
    71    94   106   122   149
   115   128    93    80    97
   101   146   124   126   130
   122   168   185   171   171
   143   167   186   179   176

Frame 56 matrix:
    70    94   106   121   148
   114   127    92    79    97
   100   146   123   126   130
   120   168   185   172   171
   143   167   186   179   176

Frame 57 matrix:
    70    94   106   121   149
   114   127    92    79    97
   100   146   123   126   130
   120   168   185   172   171
   142   167   186   179   176

Frame 58 matrix:
    70    93   106   121   148
   114   127    92    80    97
   101   146   124   127   130
   121   168   185   171   171
   143   167   186   178   176

Frame 59 matrix:
    70    94   106   122   149
   114   127    93    80    98
   101   146   124   127   129
   120   168   185   171   171
   143   167   186   178   176

Frame 60 matrix:
    70    94   106   122   149
   115   127    93    80    98
   101   147   124   127   130
   121   169   185   172   171
   143   167   186   178   176

Frame 61 matrix:
    70    94   106   122   148
   115   127    92    79    97
   100   146   123   127   129
   119   168   185   172   171
   142   166   186   178   176

Frame 62 matrix:
    70    94   106   122   149
   115   127    92    79    98
   100   146   123   127   129
   119   168   185   172   171
   142   167   186   178   176

Frame 63 matrix:
    70    94   106   122   149
   115   127    93    80    98
   101   146   124   127   130
   120   169   185   172   171
   143   167   186   178   176

Frame 64 matrix:
    70    94   106   122   148
   114   127    92    79    97
   101   146   123   127   129
   119   168   185   172   171
   141   167   186   178   176

Frame 65 matrix:
    70    94   106   122   148
   114   127    92    79    98
   101   146   123   127   129
   119   168   185   172   171
   142   167   186   178   176

Frame 66 matrix:
    71    94   106   122   149
   115   127    93    80    98
   102   146   124   128   129
   120   169   185   172   171
   142   167   186   178   176

Frame 67 matrix:
    70    93   106   122   148
   114   127    92    79    98
   101   146   123   127   129
   118   168   185   172   171
   141   167   186   178   176

Frame 68 matrix:
    70    93   106   122   148
   114   127    92    79    98
   101   146   123   127   129
   119   168   185   172   171
   142   167   186   178   176

Frame 69 matrix:
    71    94   106   122   148
   115   127    93    80    98
   102   146   124   128   129
   119   169   185   172   171
   142   167   186   178   176

Frame 70 matrix:
    70    93   106   122   148
   114   127    92    79    98
   101   146   123   128   129
   118   168   185   172   171
   141   167   187   178   176

Frame 71 matrix:
    70    93   106   122   148
   114   127    92    79    98
   102   146   123   128   128
   118   168   185   172   171
   141   167   187   178   176

Frame 72 matrix:
    71    93   106   123   148
   115   127    93    80    98
   102   146   124   128   129
   119   169   185   172   171
   142   167   186   178   176

Frame 73 matrix:
    70    93   106   122   148
   114   126    92    79    97
   101   146   123   127   128
   118   168   185   172   171
   141   167   186   178   176

Frame 74 matrix:
    70    93   106   123   148
   114   127    92    79    98
   101   146   123   128   128
   118   168   185   172   171
   142   167   186   178   176

Frame 75 matrix:
    70    93   106   123   148
   115   127    93    80    98
   102   146   124   128   129
   119   169   185   172   171
   143   168   187   178   176

Frame 76 matrix:
    70    93   106   122   148
   114   126    92    79    97
   102   146   123   128   128
   118   168   185   172   171
   142   168   187   178   176

Frame 77 matrix:
    70    93   106   123   148
   114   127    92    79    97
   102   146   123   128   128
   118   168   185   172   171
   142   168   187   178   176

Frame 78 matrix:
    70    93   107   123   148
   114   127    93    80    98
   102   146   124   128   128
   119   169   185   172   171
   143   168   187   178   176

Frame 79 matrix:
    70    92   106   123   148
   114   126    92    79    97
   102   145   123   128   128
   118   168   185   172   171
   143   168   187   178   176

Frame 80 matrix:
    70    93   106   123   148
   114   127    92    79    97
   102   146   123   128   128
   118   168   185   172   171
   143   168   187   178   176

Frame 81 matrix:
    70    93   107   123   148
   114   127    93    80    97
   102   146   124   128   128
   119   169   185   172   171
   144   169   187   178   176

Frame 82 matrix:
    70    92   106   123   148
   114   126    92    79    97
   102   146   123   128   128
   118   168   185   173   171
   143   169   187   178   176

Frame 83 matrix:
    70    93   107   123   148
   114   127    92    79    97
   102   146   123   128   127
   118   168   185   173   171
   143   169   187   178   176

Frame 84 matrix:
    70    93   107   123   148
   114   127    92    80    97
   102   146   123   128   128
   119   169   185   173   171
   143   169   187   178   176

Frame 85 matrix:
    70    92   106   123   147
   114   126    92    79    96
   102   145   122   127   127
   117   168   185   173   171
   142   169   187   178   176

Frame 86 matrix:
    70    93   107   123   148
   114   126    92    79    96
   102   146   122   127   127
   117   168   185   173   171
   142   169   187   178   176

Frame 87 matrix:
    69    92   106   123   148
   114   126    92    80    97
   102   146   122   127   127
   118   168   184   173   170
   142   169   187   177   176

Frame 88 matrix:
    70    93   107   124   148
   114   126    93    80    97
   102   146   122   127   127
   118   168   184   173   170
   142   169   187   177   176

Frame 89 matrix:
    69    92   106   123   148
   114   126    92    80    97
   103   146   123   128   127
   118   169   184   173   170
   142   170   187   177   176

Frame 90 matrix:
    69    92   106   123   147
   114   126    92    79    96
   102   146   122   127   127
   117   168   184   173   170
   140   169   187   177   176

Frame 91 matrix:
    69    92   107   123   148
   115   126    92    79    96
   102   146   122   127   127
   117   168   184   173   170
   140   169   187   177   176

Frame 92 matrix:
    70    93   107   124   148
   115   127    92    80    97
   103   146   122   128   127
   118   168   184   173   170
   140   170   187   177   176

Frame 93 matrix:
    69    92   107   123   147
   115   126    92    79    96
   102   145   121   127   126
   117   168   184   173   170
   139   169   187   177   176

Frame 94 matrix:
    69    92   107   123   148
   115   126    92    80    96
   103   146   121   127   126
   117   168   184   173   170
   139   169   187   177   176

Frame 95 matrix:
    70    92   107   124   148
   115   127    93    80    96
   103   146   122   128   127
   118   168   184   173   170
   140   170   187   178   176

Frame 96 matrix:
    69    92   107   123   147
   115   126    92    79    96
   102   145   121   127   126
   117   168   184   173   170
   139   169   187   178   176

Frame 97 matrix:
    69    92   107   124   148
   115   126    92    80    96
   103   146   121   127   126
   117   168   183   173   170
   140   170   187   178   176

Frame 98 matrix:
    70    92   107   124   148
   115   127    93    80    96
   103   146   122   127   127
   118   168   183   173   170
   140   170   187   178   176

Frame 99 matrix:
    69    92   106   123   147
   114   126    92    80    95
   102   145   121   127   126
   117   168   183   173   170
   139   170   188   178   176

Frame 100 matrix:
    69    92   107   124   148
   114   126    93    80    96
   103   145   121   127   126
   117   168   183   173   170
   140   170   188   178   176

Frame 101 matrix:
    69    92   107   124   148
   115   126    93    81    96
   103   146   122   127   126
   118   168   183   173   170
   140   171   188   178   175

Frame 102 matrix:
    69    92   107   124   148
   114   126    92    80    95
   103   145   121   127   126
   117   167   183   173   170
   139   171   188   178   175

Frame 103 matrix:
    69    92   107   124   148
   114   126    93    80    95
   103   145   120   127   126
   117   167   183   173   170
   139   171   188   178   175

Frame 104 matrix:
    69    92   107   124   148
   115   126    93    81    96
   103   146   121   127   126
   118   168   183   173   170
   139   171   188   178   175

Frame 105 matrix:
    69    92   107   124   147
   114   126    92    80    95
   103   145   120   127   126
   117   167   182   173   170
   138   171   188   178   175

Frame 106 matrix:
    69    92   107   124   148
   114   126    93    80    95
   103   145   120   127   125
   117   167   182   173   170
   138   171   188   178   175

Frame 107 matrix:
    69    92   107   124   148
   115   126    93    81    95
   104   146   121   127   126
   118   168   182   173   170
   138   171   188   178   175

Frame 108 matrix:
    69    92   107   124   147
   114   126    93    80    95
   103   145   120   126   125
   117   167   182   173   170
   137   171   188   178   175

Frame 109 matrix:
    69    92   107   124   148
   115   126    93    80    95
   103   145   120   126   125
   117   167   182   173   170
   137   171   188   178   175

Frame 110 matrix:
    69    92   107   124   148
   115   126    93    81    95
   104   146   120   127   125
   118   168   182   173   170
   138   171   188   178   175

Frame 111 matrix:
    69    92   107   124   148
   114   126    93    80    94
   103   145   119   126   125
   117   167   181   173   170
   137   171   188   178   175

Frame 112 matrix:
    69    92   107   124   148
   115   126    93    81    95
   104   145   119   126   125
   117   167   181   173   170
   137   171   188   178   175

Frame 113 matrix:
    69    92   108   125   148
   115   126    93    81    95
   105   146   120   127   125
   118   168   181   173   170
   137   172   188   179   175

Frame 114 matrix:
    69    92   107   124   148
   114   126    93    80    94
   104   145   119   126   124
   116   167   181   173   170
   136   171   188   179   175

Frame 115 matrix:
    69    92   107   124   148
   114   126    93    80    94
   104   145   119   126   124
   116   167   181   173   170
   136   171   189   179   175

Frame 116 matrix:
    68    91   107   124   148
   114   125    93    81    95
   104   145   119   126   124
   117   167   180   172   170
   137   172   189   179   175

Frame 117 matrix:
    68    91   107   125   148
   115   126    94    81    95
   104   145   119   126   123
   117   167   180   172   169
   137   172   189   179   175

Frame 118 matrix:
    69    92   108   125   149
   115   126    94    82    95
   105   145   119   126   124
   117   167   180   172   169
   138   172   189   179   175

Frame 119 matrix:
    68    91   107   125   148
   115   125    93    80    94
   105   144   118   125   123
   116   166   180   172   169
   137   172   189   179   175

Frame 120 matrix:
    68    91   108   125   149
   115   126    93    81    95
   105   144   118   125   123
   116   167   180   172   169
   137   172   189   179   175

Frame 121 matrix:
    69    92   108   125   149
   115   126    94    81    95
   105   145   118   126   123
   117   167   180   172   169
   138   172   189   179   175

Frame 122 matrix:
    68    91   107   125   149
   115   126    93    80    94
   105   144   117   125   122
   116   167   179   172   169
   137   172   190   179   175

Frame 123 matrix:
    68    91   108   125   149
   115   126    93    81    94
   105   144   117   125   122
   115   167   179   172   169
   137   172   190   179   175

Frame 124 matrix:
    69    92   108   126   149
   115   126    94    81    95
   106   145   118   125   122
   117   167   179   172   169
   138   172   190   179   175

Frame 125 matrix:
    68    91   107   125   149
   115   125    93    80    94
   105   144   117   124   122
   116   167   179   172   169
   137   171   190   179   175

Frame 126 matrix:
    68    91   108   125   149
   115   126    93    81    95
   105   144   116   124   122
   116   167   179   172   169
   137   171   190   179   175

Frame 127 matrix:
    69    91   108   126   149
   116   126    94    81    95
   106   144   117   125   122
   117   167   179   172   169
   137   171   190   179   175

Frame 128 matrix:
    68    91   108   125   149
   115   125    93    80    94
   106   143   116   124   121
   116   167   178   172   169
   136   171   190   179   175

Frame 129 matrix:
    68    91   108   126   149
   115   125    94    81    95
   106   144   116   124   121
   117   167   178   172   169
   135   171   190   179   175

Frame 130 matrix:
    68    91   108   126   149
   115   126    94    81    95
   106   144   117   124   121
   117   167   178   172   168
   135   171   190   179   175

Frame 131 matrix:
    68    91   108   125   149
   115   125    93    81    94
   106   143   116   124   120
   116   167   178   172   168
   134   170   191   179   175

Frame 132 matrix:
    68    91   108   126   149
   115   125    94    81    95
   106   143   115   124   120
   117   167   177   172   168
   134   170   191   179   175

Frame 133 matrix:
    68    91   108   126   150
   115   125    94    81    95
   107   143   116   124   121
   118   168   177   172   168
   134   170   191   179   175

Frame 134 matrix:
    68    91   108   126   149
   115   125    94    81    95
   107   143   115   123   120
   117   167   177   172   168
   133   170   191   179   175

Frame 135 matrix:
    68    91   108   126   150
   115   125    94    81    95
   107   143   115   123   120
   118   167   177   172   168
   132   170   191   179   175

Frame 136 matrix:
    68    91   108   126   150
   115   125    94    81    95
   108   143   115   123   120
   119   168   177   171   168
   133   170   191   179   175

Frame 137 matrix:
    68    90   108   126   150
   115   125    94    80    95
   108   143   114   122   120
   118   167   176   171   168
   132   169   191   179   175

Frame 138 matrix:
    68    90   108   126   150
   116   125    94    81    95
   108   143   114   122   120
   118   167   176   171   167
   132   170   192   179   175

Frame 139 matrix:
    68    91   108   126   150
   116   125    94    81    96
   109   143   115   123   120
   119   167   176   171   167
   132   170   192   179   175

Frame 140 matrix:
    68    90   108   126   150
   116   125    94    80    95
   108   142   113   122   119
   119   167   176   171   167
   130   169   192   180   175

Frame 141 matrix:
    68    91   108   126   150
   116   125    94    81    95
   109   143   113   122   119
   119   167   175   171   167
   130   169   192   180   175

Frame 142 matrix:
    68    91   109   127   150
   116   125    95    81    95
   109   143   114   122   120
   120   167   175   171   167
   131   170   192   180   175

Frame 143 matrix:
    68    90   108   126   150
   116   125    94    80    95
   109   142   113   121   119
   119   167   175   171   167
   130   169   192   180   175

Frame 144 matrix:
    68    90   108   126   150
   116   125    94    80    95
   109   142   112   121   119
   119   166   175   171   167
   130   170   192   180   175

Frame 145 matrix:
    67    90   108   126   150
   116   125    95    81    95
   109   142   113   121   119
   120   167   174   171   166
   131   170   193   180   175

Frame 146 matrix:
    67    90   108   126   150
   116   125    95    81    95
   109   142   112   120   119
   120   166   173   171   166
   131   170   193   180   175

Frame 147 matrix:
    68    90   109   126   150
   117   125    95    81    95
   110   143   113   121   119
   121   167   174   171   166
   131   170   193   180   175

Frame 148 matrix:
    67    90   108   126   150
   116   125    94    80    94
   109   142   112   120   118
   120   166   173   171   166
   129   170   193   180   175

Frame 149 matrix:
    67    90   108   126   150
   117   125    95    81    95
   110   142   112   120   118
   120   166   173   171   166
   129   171   193   180   175

Frame 150 matrix:
    68    90   109   126   150
   117   125    95    81    95
   111   142   112   120   118
   121   167   173   170   166
   129   171   193   180   175

Frame 151 matrix:
    67    90   108   126   150
   117   125    94    80    94
   110   142   111   119   118
   120   166   173   170   166
   128   171   193   180   175

Frame 152 matrix:
    67    90   109   126   150
   117   125    95    81    95
   111   142   111   119   117
   121   166   172   170   166
   128   171   193   180   175

Frame 153 matrix:
    68    90   109   127   150
   117   126    95    81    95
   111   142   112   119   118
   122   166   172   170   166
   128   172   193   180   175

Frame 154 matrix:
    67    90   108   126   150
   117   125    95    81    94
   111   142   111   119   117
   121   166   172   170   166
   127   172   193   180   175

Frame 155 matrix:
    67    90   108   126   151
   117   125    95    81    95
   111   142   111   118   117
   122   166   172   170   165
   127   172   193   180   175

Frame 156 matrix:
    68    90   109   127   151
   118   125    96    82    95
   111   142   111   119   117
   123   166   171   170   165
   128   172   193   180   175

Frame 157 matrix:
    67    89   108   126   150
   117   125    95    81    94
   111   142   110   118   116
   122   165   171   170   165
   127   172   193   180   175

Frame 158 matrix:
    67    89   109   127   151
   117   125    96    82    95
   111   142   110   118   116
   122   165   171   170   165
   128   172   193   180   175

Frame 159 matrix:
    68    90   109   127   151
   118   126    96    82    95
   112   142   111   118   117
   123   166   171   170   165
   128   172   193   180   175

Frame 160 matrix:
    67    89   108   126   150
   117   125    95    82    95
   111   142   110   117   116
   122   165   170   170   165
   127   172   193   180   175

Frame 161 matrix:
    67    89   109   127   151
   118   125    96    82    95
   112   142   110   117   116
   123   165   170   169   165
   127   172   193   180   175

Frame 162 matrix:
    68    89   109   127   151
   118   125    96    82    95
   112   142   110   117   116
   123   165   169   169   165
   128   172   193   180   175

Frame 163 matrix:
    67    89   108   127   151
   117   125    96    82    95
   111   141   109   116   115
   122   165   169   169   164
   127   172   193   180   175

Frame 164 matrix:
    67    89   109   127   151
   118   125    96    83    96
   112   142   110   116   116
   123   165   169   169   164
   128   173   194   180   175

Frame 165 matrix:
    67    89   108   127   151
   117   125    96    82    95
   111   141   109   116   115
   123   165   168   168   164
   127   173   193   180   175

Total number of shot boundaries detected: 0
Frame Differences:
  Columns 1 through 30

     5     5    10     2     7     8     4     6    12     7     7    11     5     7    14     7     6    10     3    13    14     3    13    14     2    11    15     4    11     4

  Columns 31 through 60

     7     9     5     6     9     7     4     7     3     4    11     5     7    13     2    10    12     4    11    12     2    13    14     5     8    12     2    10     7     6

  Columns 61 through 90

    13     3     8    11     2    10    13     2     9    11     2    11    14     5    11    11     2     8    10     3     8    10     4     4    14     4     9     5    10    11

  Columns 91 through 120

     3    10    15     4    11    14     8     6    15     7     7     9     2     7    11     3     8    11     2     7    11     4    10    15     1    10     6     8    16     6

  Columns 121 through 150

     7    14     3    11    15     5     8    14     7     3    11     6     6     7     3     5     9     5     6    13     5     8    12     3    10     4    10    16     6     6

  Columns 151 through 165

    11     8     7     9     5    10    15     7     9    16     8     3    11    12    12

Total number of shot boundaries detected: 0


(Where I calculate the value of the 11.mp4 file)